
GMT,Max TemperatureC,Mean TemperatureC,Min TemperatureC,Dew PointC,MeanDew PointC,Min DewpointC,Max Humidity, Mean Humidity, Min Humidity, Max Sea Level PressurehPa, Mean Sea Level PressurehPa, Min Sea Level PressurehPa, Max VisibilityKm, Mean VisibilityKm, Min VisibilitykM, Max Wind SpeedKm/h, Mean Wind SpeedKm/h, Max Gust SpeedKm/h,Precipitationmm, CloudCover, Events,WindDirDegrees<br />
2013-10-1,17,14,12,13,12,10,94,80,57,1010,1009,1008,19,9,6,26,13,,0.00,6,Rain,87<br />
2013-10-2,22,18,14,16,14,11,94,83,62,1012,1010,1009,31,10,6,19,16,,0.00,5,Rain,125<br />
2013-10-3,19,16,13,18,16,13,100,93,79,1012,1008,1006,23,8,3,24,11,,2.03,3,Rain,114<br />
2013-10-4,22,18,15,17,15,13,94,83,60,1014,1009,1005,27,11,10,34,18,52,0.00,4,Rain,213<br />
2013-10-5,19,16,13,14,13,12,100,84,58,1025,1020,1014,31,11,6,13,8,,0.00,3,Rain,295<br />
2013-10-6,19,13,8,12,11,8,100,82,42,1026,1026,1025,27,11,9,16,6,,0.25,2,Fog,255<br />
2013-10-7,20,14,9,14,12,9,100,86,53,1026,1025,1024,31,8,0,21,10,,0.00,5,Fog,237<br />
2013-10-8,21,17,14,15,14,13,100,86,58,1026,1025,1024,26,10,5,24,13,,0.00,4,,251<br />
2013-10-9,18,13,8,14,9,3,94,78,48,1024,1020,1016,31,12,10,26,13,37,0.00,4,Fog-Rain,287<br />
2013-10-10,12,9,7,6,3,2,76,66,44,1021,1019,1016,31,12,10,23,16,39,0.25,3,Rain,325<br />
2013-10-11,14,11,8,12,9,3,94,84,60,1021,1017,1015,31,11,5,27,19,45,3.05,4,Rain,12<br />
2013-10-12,14,11,9,12,8,6,100,80,48,1021,1018,1015,31,11,4,24,14,39,0.00,4,Rain,35<br />
2013-10-13,12,10,8,11,9,7,100,94,84,1016,1011,1009,31,10,5,24,14,,10.92,5,Rain,283<br />
2013-10-14,12,10,8,10,8,8,100,92,75,1009,1007,1006,31,11,7,24,19,,2.03,5,Rain,252<br />
2013-10-15,14,10,7,9,8,7,100,89,66,1015,1011,1008,26,10,5,19,11,,0.00,5,,290<br />
2013-10-16,16,10,5,14,9,4,100,92,64,1015,1010,1006,31,6,0,32,11,,5.08,4,Fog-Rain,172<br />
2013-10-17,18,15,11,13,12,9,100,83,58,1016,1013,1010,31,12,7,27,23,47,0.25,2,Rain,248<br />
2013-10-18,18,14,11,14,12,10,100,89,70,1017,1014,1009,31,10,5,24,10,,0.00,4,Fog-Rain,124<br />
2013-10-19,18,16,13,16,13,12,100,91,77,1008,1005,1004,31,12,8,24,13,37,0.51,3,Rain,177<br />
2013-10-20,17,14,12,14,12,11,100,91,70,1007,1005,1004,31,12,7,27,16,48,11.94,2,Rain-Thunderstorm,198<br />
2013-10-21,18,15,12,15,13,12,100,86,70,1008,1005,1003,31,11,5,32,18,53,0.51,3,Rain,191<br />
2013-10-22,18,16,13,15,14,12,94,85,74,1002,997,994,27,12,9,24,21,,1.02,2,Rain-Thunderstorm,178<br />
2013-10-23,18,14,9,13,11,7,93,77,45,1011,999,991,24,11,3,39,23,39,0.51,2,Rain,229<br />
2013-10-24,17,12,6,12,9,5,100,84,61,1015,1013,1010,29,12,6,21,8,,0.00,2,Fog-Rain,135<br />
2013-10-25,18,16,12,15,13,12,100,84,65,1010,1005,1002,29,11,3,26,16,40,0.00,3,Rain,180<br />
2013-10-26,17,16,14,14,12,11,94,82,69,1006,1004,999,31,12,5,37,23,50,0.00,4,Rain,215<br />
2013-10-27,17,13,11,13,10,8,94,78,54,999,996,992,26,10,3,48,26,72,0.00,2,Rain,223<br />
2013-10-28,16,12,9,15,9,6,94,79,49,1002,992,978,31,11,5,76,29,95,0.00,4,Rain,234<br />
2013-10-29,13,9,6,7,5,3,87,75,41,1018,1011,1002,31,13,10,29,19,,0.00,2,,262<br />
2013-10-30,14,9,3,10,7,3,93,80,54,1022,1020,1018,29,12,10,24,11,39,0.00,2,,223<br />
2013-10-31,13,12,12,12,11,9,94,88,76,1019,1016,1014,29,12,6,24,18,29,0.51,4,Rain,217<br />
