
GMT,Max TemperatureC,Mean TemperatureC,Min TemperatureC,Dew PointC,MeanDew PointC,Min DewpointC,Max Humidity, Mean Humidity, Min Humidity, Max Sea Level PressurehPa, Mean Sea Level PressurehPa, Min Sea Level PressurehPa, Max VisibilityKm, Mean VisibilityKm, Min VisibilitykM, Max Wind SpeedKm/h, Mean Wind SpeedKm/h, Max Gust SpeedKm/h,Precipitationmm, CloudCover, Events,WindDirDegrees<br />
2015-12-1,14,11,9,12,9,5,100,77,54,1025,1022,1018,31,12,3,32,23,,0.00,7,Rain,241<br />
2015-12-2,13,12,12,10,8,5,82,73,53,1024,1023,1022,31,13,10,27,21,39,0.00,5,Rain,216<br />
2015-12-3,13,12,12,12,9,8,94,81,68,1023,1019,1011,21,12,3,39,23,60,2.03,6,Rain,198<br />
2015-12-4,13,9,6,9,6,3,88,75,61,1028,1025,1013,31,13,10,37,23,53,0.00,5,Rain,236<br />
2015-12-5,13,12,11,9,7,6,77,67,54,1024,1019,1014,27,12,10,48,37,69,0.00,6,,225<br />
2015-12-6,14,13,12,12,11,7,100,84,58,1023,1017,1013,26,11,3,40,26,60,0.25,7,Rain,220<br />
2015-12-7,14,12,11,13,11,9,98,89,77,1026,1024,1021,24,11,5,24,16,34,0.00,6,Rain,178<br />
2015-12-8,13,10,7,12,8,4,100,80,57,1030,1022,1019,31,12,0,29,21,47,1.02,5,Rain,217<br />
2015-12-9,12,8,4,8,5,2,93,78,58,1035,1032,1029,23,13,7,34,16,47,0.00,5,Rain,220<br />
2015-12-10,12,11,9,10,8,6,94,79,63,1029,1024,1021,24,13,10,34,24,50,4.06,6,Rain,222<br />
2015-12-11,11,8,5,9,6,3,100,82,65,1024,1022,1020,31,13,9,35,18,48,0.25,5,Rain,249<br />
2015-12-12,14,9,4,10,7,3,94,79,66,1024,1018,1013,27,13,10,40,18,60,0.00,6,Rain,223<br />
2015-12-13,10,8,6,9,7,6,100,94,75,1020,1018,1015,16,6,2,27,13,,0.51,7,Rain,100<br />
2015-12-14,10,8,5,8,7,6,98,88,76,1018,1016,1015,19,9,5,16,11,,0.25,7,Rain,139<br />
2015-12-15,13,11,8,13,11,9,100,96,94,1018,1016,1015,14,5,2,19,11,,3.05,7,Rain,141<br />
2015-12-16,15,13,11,13,12,11,98,87,77,1021,1018,1014,31,11,5,32,19,,0.00,7,Rain,222<br />
2015-12-17,15,13,11,13,10,8,94,80,59,1020,1016,1014,14,11,9,24,18,,0.00,4,Rain,207<br />
2015-12-18,13,12,11,11,10,9,94,85,72,1020,1018,1016,18,11,9,24,16,40,0.00,6,Rain,211<br />
2015-12-19,16,14,12,14,11,10,95,79,66,1016,1012,1007,26,13,6,32,23,42,0.00,7,Rain,194<br />
2015-12-20,13,10,8,10,8,6,93,78,62,1014,1010,1006,31,12,8,35,24,48,1.02,3,Rain,213<br />
2015-12-21,13,10,7,12,7,5,96,84,71,1019,1014,1011,31,12,5,42,21,60,1.02,5,Rain,218<br />
2015-12-22,15,12,9,13,11,9,100,86,67,1018,1013,1010,27,11,2,50,27,66,4.06,7,Rain,219<br />
2015-12-23,12,11,9,9,6,4,91,73,54,1022,1019,1013,23,12,10,35,24,48,0.00,3,Rain,219<br />
2015-12-24,13,9,6,10,6,2,88,73,52,1021,1013,1007,31,13,6,42,27,63,2.03,5,Rain,217<br />
2015-12-25,15,10,5,13,8,2,99,86,67,1022,1020,1017,26,11,5,37,16,,1.02,6,Rain,198<br />
2015-12-26,15,14,13,12,11,9,93,76,65,1020,1018,1016,21,11,5,45,34,61,0.00,7,Rain,224<br />
2015-12-27,14,12,10,13,12,9,98,86,70,1024,1020,1016,14,7,3,39,27,55,0.25,7,Rain,210<br />
2015-12-28,13,11,8,10,7,6,100,77,57,1024,1016,1012,31,13,5,27,16,,0.25,2,Rain,140<br />
2015-12-29,12,10,9,10,8,6,95,82,67,1022,1018,1012,31,12,10,34,19,,0.00,4,Rain,187<br />
2015-12-30,14,12,9,10,8,5,95,74,50,1019,1010,1004,26,12,5,45,32,69,0.51,7,Rain,185<br />
2015-12-31,11,8,5,8,4,2,87,74,51,1020,1012,1005,31,13,6,47,24,69,2.03,3,Rain,221<br />
