
BST,Max TemperatureC,Mean TemperatureC,Min TemperatureC,Dew PointC,MeanDew PointC,Min DewpointC,Max Humidity, Mean Humidity, Min Humidity, Max Sea Level PressurehPa, Mean Sea Level PressurehPa, Min Sea Level PressurehPa, Max VisibilityKm, Mean VisibilityKm, Min VisibilitykM, Max Wind SpeedKm/h, Mean Wind SpeedKm/h, Max Gust SpeedKm/h,Precipitationmm, CloudCover, Events,WindDirDegrees<br />
2014-7-1,23,17,12,11,8,4,88,53,24,1022,1020,1018,27,22,10,21,11,32,0.00,2,,85<br />
2014-7-2,24,18,11,13,9,5,88,56,23,1023,1023,1021,27,16,10,24,8,32,0.00,1,,222<br />
2014-7-3,27,20,13,11,9,5,77,48,23,1023,1019,1015,27,19,10,29,14,50,0.00,,,218<br />
2014-7-4,27,20,14,16,12,8,94,61,25,1015,1008,1003,31,14,8,37,19,52,0.51,2,Rain,211<br />
2014-7-5,22,19,16,16,14,12,100,78,53,1004,1002,999,31,13,8,29,19,27,0.76,4,Rain,215<br />
2014-7-6,22,18,14,14,10,7,94,63,29,1011,1005,1003,26,15,10,24,13,40,0.76,2,Rain,256<br />
2014-7-7,21,16,11,12,10,8,94,65,36,1016,1015,1011,27,15,10,24,11,37,0.00,2,Rain,231<br />
2014-7-8,20,16,12,13,11,7,100,72,32,1017,1015,1014,31,14,3,26,6,,4.06,3,Rain-Thunderstorm,306<br />
2014-7-9,23,18,12,12,11,8,94,65,29,1019,1018,1017,31,14,5,26,13,37,0.00,1,,324<br />
2014-7-10,22,18,14,13,11,9,82,64,44,1019,1017,1017,31,19,10,16,14,,0.00,3,,1<br />
2014-7-11,21,17,12,16,13,11,94,76,54,1019,1017,1016,27,14,6,13,8,,0.51,5,Rain,328<br />
2014-7-12,27,21,15,16,14,12,94,69,29,1017,1014,1011,31,11,5,23,8,,0.00,4,,278<br />
2014-7-13,24,20,16,17,14,8,100,70,38,1012,1008,1007,31,14,7,21,14,,0.00,4,Rain,286<br />
2014-7-14,25,18,12,15,10,7,83,57,25,1016,1014,1012,31,17,10,29,14,,0.00,2,,261<br />
2014-7-15,26,22,18,16,13,10,88,59,28,1021,1018,1015,31,17,10,21,14,,0.00,4,Rain,263<br />
2014-7-16,27,21,14,16,13,11,88,60,33,1022,1021,1020,31,19,10,23,11,,0.00,2,,258<br />
2014-7-17,29,23,17,16,15,13,83,60,32,1022,1020,1017,31,19,10,23,10,,0.00,3,Rain,73<br />
2014-7-18,30,24,18,19,16,13,94,62,28,1017,1013,1010,31,14,6,27,16,40,0.00,1,Rain-Thunderstorm,141<br />
2014-7-19,28,23,19,19,17,15,88,69,38,1012,1008,1006,31,15,10,23,10,,0.51,1,Rain-Thunderstorm,165<br />
2014-7-20,27,22,17,17,16,14,94,72,39,1014,1010,1008,26,12,8,16,11,,0.00,3,Rain,290<br />
2014-7-21,27,21,16,17,14,13,88,65,35,1021,1018,1014,31,14,7,14,10,,0.00,2,,323<br />
2014-7-22,27,21,16,16,14,13,88,63,33,1023,1022,1021,31,16,8,16,10,,0.00,1,,23<br />
2014-7-23,29,22,15,17,14,12,88,62,28,1023,1020,1017,26,13,10,26,13,,0.00,2,,55<br />
2014-7-24,29,23,16,16,13,7,88,53,20,1019,1017,1016,26,13,6,24,13,45,0.00,2,,55<br />
2014-7-25,27,22,16,17,15,12,94,71,36,1018,1017,1016,21,11,5,35,10,,9.91,2,Rain-Thunderstorm,28<br />
2014-7-26,29,23,18,16,13,10,88,54,26,1017,1016,1015,16,12,10,14,8,,0.00,1,,345<br />
2014-7-27,26,22,18,15,12,8,78,52,25,1018,1016,1015,19,13,8,19,10,,0.00,1,,308<br />
2014-7-28,23,19,14,16,12,9,94,66,33,1017,1015,1014,26,12,2,21,10,,17.02,2,Rain-Thunderstorm,3<br />
2014-7-29,27,21,16,14,12,9,88,58,25,1017,1016,1014,26,19,10,16,10,,0.00,1,,339<br />
2014-7-30,26,20,14,14,12,9,82,56,30,1017,1016,1015,27,14,10,23,11,,0.00,1,,297<br />
2014-7-31,25,19,14,15,13,12,94,64,32,1016,1014,1012,23,13,10,24,14,39,0.00,2,,257<br />
