
BST,Max TemperatureC,Mean TemperatureC,Min TemperatureC,Dew PointC,MeanDew PointC,Min DewpointC,Max Humidity, Mean Humidity, Min Humidity, Max Sea Level PressurehPa, Mean Sea Level PressurehPa, Min Sea Level PressurehPa, Max VisibilityKm, Mean VisibilityKm, Min VisibilitykM, Max Wind SpeedKm/h, Mean Wind SpeedKm/h, Max Gust SpeedKm/h,Precipitationmm, CloudCover, Events,WindDirDegrees<br />
2015-8-1,21,15,9,12,8,7,87,59,32,1018,1016,1016,31,17,10,24,11,34,0.00,1,Rain,244<br />
2015-8-2,26,19,12,13,10,6,94,60,20,1019,1016,1011,31,17,10,23,11,,0.00,1,,164<br />
2015-8-3,25,20,16,16,13,8,83,64,40,1012,1011,1009,31,14,10,34,18,47,0.00,3,Rain,200<br />
2015-8-4,22,18,13,12,10,7,88,59,31,1016,1013,1011,31,17,10,35,21,47,0.00,2,,229<br />
2015-8-5,22,18,14,14,12,9,94,70,39,1016,1013,1011,31,15,5,23,13,32,3.05,2,Rain,185<br />
2015-8-6,24,19,13,16,13,11,94,69,37,1016,1013,1010,31,15,6,26,14,39,0.00,3,Rain,217<br />
2015-8-7,24,18,12,14,9,8,82,55,24,1021,1017,1016,31,15,10,14,8,,0.00,5,,310<br />
2015-8-8,26,20,14,15,13,10,94,62,28,1024,1023,1021,31,15,10,23,10,,0.00,2,,148<br />
2015-8-9,26,19,12,15,11,4,94,57,17,1023,1020,1018,31,17,10,24,11,35,0.00,1,,237<br />
2015-8-10,22,19,17,18,16,10,88,77,60,1019,1017,1016,31,14,10,29,14,40,0.00,5,Rain,223<br />
2015-8-11,21,18,14,15,12,9,88,67,39,1023,1020,1018,31,13,3,14,8,,0.51,2,Rain,300<br />
2015-8-12,23,19,15,16,13,11,94,67,40,1024,1023,1021,27,13,8,23,11,,0.51,3,Rain,60<br />
2015-8-13,20,18,16,18,16,11,94,85,59,1021,1015,1009,23,9,3,23,14,,7.11,6,Rain,49<br />
2015-8-14,21,18,16,18,16,14,100,89,72,1009,1006,1005,23,7,1,26,10,40,0.76,5,Fog-Rain,268<br />
2015-8-15,21,17,14,14,9,6,88,61,28,1016,1012,1008,23,12,6,19,10,,0.00,2,Rain,309<br />
2015-8-16,21,16,11,11,9,8,82,60,35,1018,1017,1016,31,15,10,16,6,,0.00,2,,29<br />
2015-8-17,22,17,13,11,8,4,88,56,33,1019,1017,1016,31,21,10,14,6,,0.00,2,,358<br />
2015-8-18,19,17,14,13,10,8,82,63,43,1016,1015,1014,31,24,10,23,13,,0.25,1,Rain,261<br />
2015-8-19,21,17,13,15,12,11,100,77,46,1018,1017,1015,31,14,6,23,13,,2.03,3,Rain,207<br />
2015-8-20,21,18,15,18,16,14,100,86,65,1021,1019,1017,31,12,3,23,14,39,0.00,6,Rain,204<br />
2015-8-21,26,22,17,17,16,13,88,70,39,1021,1020,1018,31,13,10,26,18,37,0.00,4,,199<br />
2015-8-22,31,23,15,17,14,12,94,63,27,1019,1014,1008,31,16,7,26,10,,0.00,4,,114<br />
2015-8-23,22,18,13,17,13,11,94,66,44,1008,1003,1001,31,14,3,24,16,,3.05,3,Rain,170<br />
2015-8-24,17,14,12,15,13,11,100,91,80,1005,1000,996,31,11,2,23,10,,11.94,3,Rain,24<br />
2015-8-25,19,15,11,17,13,9,95,85,60,1011,1008,1005,31,13,3,26,19,,5.08,3,Rain,216<br />
2015-8-26,19,17,15,17,15,12,100,85,56,1008,1004,1002,27,11,3,37,21,42,48.01,3,Rain-Thunderstorm,207<br />
2015-8-27,19,17,13,14,12,10,94,79,47,1011,1007,1005,31,12,9,27,16,,4.06,2,Rain,227<br />
2015-8-28,21,16,11,12,11,9,100,70,37,1020,1016,1011,31,15,10,26,14,48,0.00,2,Fog-Rain,225<br />
2015-8-29,22,18,14,16,13,11,94,77,41,1021,1020,1018,29,13,5,16,10,45,0.25,2,Rain,195<br />
2015-8-30,21,18,16,16,14,13,94,81,59,1019,1017,1016,31,12,6,16,8,,0.76,4,Rain,50<br />
2015-8-31,16,14,14,14,14,12,100,91,82,1016,1014,1012,27,9,2,14,10,,10.92,6,Rain,11<br />
