
GMT,Max TemperatureC,Mean TemperatureC,Min TemperatureC,Dew PointC,MeanDew PointC,Min DewpointC,Max Humidity, Mean Humidity, Min Humidity, Max Sea Level PressurehPa, Mean Sea Level PressurehPa, Min Sea Level PressurehPa, Max VisibilityKm, Mean VisibilityKm, Min VisibilitykM, Max Wind SpeedKm/h, Mean Wind SpeedKm/h, Max Gust SpeedKm/h,Precipitationmm, CloudCover, Events,WindDirDegrees<br />
2014-10-1,21,18,14,16,13,11,94,76,44,1028,1025,1022,31,14,6,23,13,,0.51,4,Rain,237<br />
2014-10-2,22,19,14,14,13,11,94,75,46,1030,1028,1024,31,15,6,21,8,35,0.00,3,,203<br />
2014-10-3,22,17,12,14,13,11,100,81,41,1026,1022,1017,31,9,0,21,11,39,0.00,4,Fog,205<br />
2014-10-4,18,13,7,15,11,5,94,85,60,1020,1014,1010,29,10,4,23,11,,9.91,4,Rain,261<br />
2014-10-5,16,10,4,8,5,3,100,72,36,1022,1019,1013,31,18,10,14,6,,0.00,1,Fog,190<br />
2014-10-6,13,10,7,11,8,4,94,81,59,1013,1003,998,31,15,7,32,16,,6.10,3,Rain,161<br />
2014-10-7,15,11,7,10,7,3,100,76,34,1003,998,994,31,13,2,39,14,,0.25,2,Rain,220<br />
2014-10-8,18,12,7,13,9,5,94,79,52,1003,996,993,31,15,10,35,14,45,1.02,2,Rain,177<br />
2014-10-9,18,14,11,11,10,8,88,77,48,1005,999,995,31,15,3,39,21,53,2.03,2,Rain-Thunderstorm,209<br />
2014-10-10,18,13,9,12,10,8,94,80,45,1011,1009,1005,31,17,10,26,14,42,3.05,2,Rain,207<br />
2014-10-11,17,13,9,12,10,8,100,81,51,1013,1011,1010,31,13,8,24,10,,0.51,1,Rain,208<br />
2014-10-12,14,10,6,11,8,5,100,84,57,1014,1010,1003,31,14,6,23,6,37,2.03,2,Fog-Rain,53<br />
2014-10-13,14,12,11,13,11,9,100,91,83,1003,998,996,31,11,5,26,19,,1.02,6,Rain,348<br />
2014-10-14,14,13,12,12,12,11,95,91,81,1007,1004,999,31,12,6,16,11,,0.25,6,Rain,290<br />
2014-10-15,15,13,12,13,12,11,100,90,73,1007,1004,999,26,9,2,16,8,,3.05,5,Rain,102<br />
2014-10-16,18,14,11,14,12,11,100,87,58,1004,1002,999,31,12,6,21,10,34,0.25,2,Rain,214<br />
2014-10-17,19,16,13,15,14,12,100,84,62,1011,1009,1004,29,14,8,24,13,42,0.51,2,Rain,188<br />
2014-10-18,19,18,16,16,15,14,94,81,67,1013,1011,1008,31,15,10,29,21,,0.00,3,Rain,197<br />
2014-10-19,21,17,14,16,13,11,94,78,48,1016,1013,1011,31,14,5,34,21,47,0.00,3,Rain,225<br />
2014-10-20,17,14,12,11,11,9,88,76,50,1017,1016,1012,31,15,10,27,19,,0.25,3,,238<br />
2014-10-21,14,11,8,13,6,1,94,65,37,1021,1009,1001,31,14,3,47,27,69,3.05,3,Rain,268<br />
2014-10-22,14,10,6,8,5,1,87,70,46,1026,1024,1021,29,17,10,26,19,,0.00,2,Rain,268<br />
2014-10-23,16,13,11,14,10,7,94,76,58,1023,1020,1016,31,14,9,23,16,,0.00,5,,214<br />
2014-10-24,17,13,10,14,13,9,94,86,68,1016,1015,1012,31,13,9,24,14,,0.25,4,Rain,227<br />
2014-10-25,16,11,7,9,8,6,100,75,41,1021,1018,1016,31,13,10,26,13,,0.00,4,,237<br />
2014-10-26,16,13,12,9,8,7,77,67,45,1022,1021,1020,31,12,10,27,18,40,0.00,5,,217<br />
2014-10-27,18,16,12,13,12,9,94,80,55,1022,1020,1017,31,14,8,29,16,40,0.00,3,,192<br />
2014-10-28,18,14,9,14,12,9,100,83,47,1017,1013,1011,31,13,0,24,11,37,0.00,3,Fog-Rain,181<br />
2014-10-29,14,13,12,14,12,10,100,92,80,1018,1016,1013,26,7,1,16,11,,2.03,6,Rain,80<br />
2014-10-30,18,16,13,15,14,12,100,89,72,1019,1018,1017,13,6,1,16,10,,0.00,5,,170<br />
2014-10-31,23,17,12,15,13,11,100,78,40,1019,1016,1015,31,13,3,23,8,48,0.00,1,,170<br />
