
BST,Max TemperatureC,Mean TemperatureC,Min TemperatureC,Dew PointC,MeanDew PointC,Min DewpointC,Max Humidity, Mean Humidity, Min Humidity, Max Sea Level PressurehPa, Mean Sea Level PressurehPa, Min Sea Level PressurehPa, Max VisibilityKm, Mean VisibilityKm, Min VisibilitykM, Max Wind SpeedKm/h, Mean Wind SpeedKm/h, Max Gust SpeedKm/h,Precipitationmm, CloudCover, Events,WindDirDegrees<br />
2014-8-1,25,20,16,15,13,11,94,68,36,1012,1009,1007,29,13,10,24,13,,0.00,3,Rain,200<br />
2014-8-2,24,20,15,17,13,10,88,68,43,1007,1004,1002,31,13,10,29,14,45,2.03,3,Rain,185<br />
2014-8-3,24,18,12,11,9,8,88,57,28,1013,1009,1006,31,18,10,27,16,40,0.00,1,,220<br />
2014-8-4,24,19,13,13,11,7,88,59,27,1018,1015,1013,31,20,10,24,11,32,0.00,2,,242<br />
2014-8-5,25,19,13,15,13,11,94,69,39,1019,1017,1015,31,16,10,26,13,39,0.00,2,Rain,200<br />
2014-8-6,26,21,16,16,14,12,94,70,32,1015,1011,1010,31,14,5,27,14,,0.00,3,Rain,232<br />
2014-8-7,26,20,14,15,12,9,94,61,25,1015,1014,1013,31,19,10,14,8,,0.00,1,,271<br />
2014-8-8,23,19,16,16,14,12,100,70,40,1014,1008,1003,29,12,2,23,8,,21.08,2,Rain,173<br />
2014-8-9,23,18,13,14,12,8,94,67,30,1009,1007,1003,31,14,5,27,19,,0.00,2,Rain,234<br />
2014-8-10,22,19,15,19,13,8,94,74,38,1008,1000,992,27,12,5,40,19,60,8.89,3,Fog-Rain-Thunderstorm,195<br />
2014-8-11,22,17,13,14,11,9,88,69,36,1009,1007,1004,31,12,3,35,26,71,19.05,2,Rain-Thunderstorm,239<br />
2014-8-12,21,17,13,11,9,7,88,66,34,1009,1007,1006,31,18,10,32,21,,0.51,3,Rain,237<br />
2014-8-13,22,17,12,12,11,9,94,68,37,1009,1005,1004,31,15,10,27,16,,0.00,2,,264<br />
2014-8-14,21,17,13,14,12,11,94,76,43,1011,1009,1009,31,14,9,29,13,,6.10,2,Rain-Thunderstorm,251<br />
2014-8-15,21,16,12,12,11,9,94,71,41,1021,1016,1011,31,16,7,19,10,,0.25,4,Rain,309<br />
2014-8-16,22,17,11,11,9,7,94,62,30,1022,1020,1016,31,16,10,35,13,,0.00,3,,270<br />
2014-8-17,21,17,13,14,9,6,88,63,27,1016,1010,1007,31,16,10,34,24,53,1.02,5,Rain,256<br />
2014-8-18,20,16,11,13,9,7,88,68,38,1012,1009,1007,31,17,10,23,16,,0.51,2,Rain,283<br />
2014-8-19,19,14,9,9,7,4,87,60,29,1016,1013,1011,31,13,10,26,14,,0.25,1,Rain,284<br />
2014-8-20,19,13,8,8,6,3,93,62,26,1018,1017,1016,31,17,10,21,10,,0.00,2,,291<br />
2014-8-21,18,12,7,9,8,5,93,67,37,1018,1015,1012,31,17,10,34,13,,0.00,2,Rain,251<br />
2014-8-22,21,17,12,11,9,5,88,63,25,1014,1011,1009,31,16,2,26,16,,0.51,2,Rain,271<br />
2014-8-23,19,14,8,9,7,3,93,65,25,1019,1015,1014,31,18,10,23,11,,0.25,2,Rain,282<br />
2014-8-24,19,13,7,10,7,5,93,67,32,1020,1019,1016,31,17,10,19,10,35,0.00,1,,238<br />
2014-8-25,17,15,13,16,13,8,95,88,61,1016,1008,1001,31,11,3,16,10,,17.02,5,Rain,138<br />
2014-8-26,17,14,13,15,13,9,100,88,66,1013,1005,1001,26,11,3,23,10,,3.05,4,Rain,60<br />
2014-8-27,20,16,11,15,12,9,94,74,48,1015,1014,1011,31,14,10,26,13,,0.00,4,Rain,101<br />
2014-8-28,23,19,15,17,14,11,96,77,46,1013,1011,1009,31,14,3,27,16,45,0.25,4,Rain,207<br />
2014-8-29,21,18,14,14,13,11,94,74,43,1014,1013,1012,31,14,10,35,19,47,0.25,3,Rain,225<br />
2014-8-30,20,18,14,14,12,9,88,67,38,1017,1015,1013,31,15,8,27,23,,0.25,3,Rain,265<br />
2014-8-31,22,17,12,12,11,9,94,68,36,1020,1018,1017,31,16,10,21,11,,0.00,2,,286<br />
