
BST,Max TemperatureC,Mean TemperatureC,Min TemperatureC,Dew PointC,MeanDew PointC,Min DewpointC,Max Humidity, Mean Humidity, Min Humidity, Max Sea Level PressurehPa, Mean Sea Level PressurehPa, Min Sea Level PressurehPa, Max VisibilityKm, Mean VisibilityKm, Min VisibilitykM, Max Wind SpeedKm/h, Mean Wind SpeedKm/h, Max Gust SpeedKm/h,Precipitationmm, CloudCover, Events,WindDirDegrees<br />
2012-8-1,23,18,13,15,13,9,100,78,43,1013,1009,1006,27,11,6,24,13,45,0.00,2,Rain,176<br />
2012-8-2,23,19,15,14,13,11,94,70,44,1012,1010,1008,29,11,6,34,18,48,0.00,3,Rain,222<br />
2012-8-3,23,18,13,15,12,9,94,71,43,1013,1012,1011,31,13,10,29,16,42,0.76,2,Rain,205<br />
2012-8-4,21,18,14,15,13,11,94,76,50,1012,1010,1009,29,12,8,29,14,42,1.02,3,Rain,193<br />
2012-8-5,21,17,12,15,13,10,100,79,41,1009,1007,1005,31,11,8,21,10,,2.03,3,Fog-Rain,193<br />
2012-8-6,22,18,14,14,13,10,89,76,41,1015,1009,1006,31,12,3,35,13,,1.02,2,Rain,246<br />
2012-8-7,20,16,11,14,11,9,94,77,50,1022,1020,1015,31,13,6,24,16,,0.00,3,Rain,239<br />
2012-8-8,23,19,14,18,14,12,94,74,44,1024,1023,1021,26,11,5,14,10,,0.25,4,Rain,280<br />
2012-8-9,26,19,13,16,12,9,94,61,27,1027,1026,1024,23,13,10,14,5,,0.00,1,,339<br />
2012-8-10,27,21,14,15,13,10,94,63,28,1027,1026,1024,26,11,7,14,5,,0.00,1,,234<br />
2012-8-11,24,19,14,14,12,9,88,63,30,1025,1021,1016,31,14,8,26,16,,0.00,3,,94<br />
2012-8-12,27,21,15,15,13,11,88,66,35,1015,1012,1010,31,12,6,21,14,,0.00,1,,138<br />
2012-8-13,23,19,14,17,14,13,94,79,49,1012,1011,1010,29,11,7,24,11,,2.03,3,Rain,173<br />
2012-8-14,25,21,17,17,15,13,94,71,38,1012,1011,1010,31,12,9,16,11,,0.00,3,Rain,182<br />
2012-8-15,23,20,17,18,14,11,83,72,44,1010,1006,1002,31,13,10,37,18,45,0.76,2,Rain,136<br />
2012-8-16,23,19,16,14,13,10,82,67,43,1016,1014,1009,26,11,10,26,18,39,0.00,2,Rain,196<br />
2012-8-17,28,23,18,16,13,10,83,58,28,1015,1014,1012,31,15,10,29,16,35,0.00,5,Rain,167<br />
2012-8-18,30,24,18,18,16,14,83,59,40,1016,1014,1011,27,18,10,23,10,,0.00,,,239<br />
2012-8-19,30,23,17,19,17,15,94,66,36,1017,1015,1013,31,15,10,24,10,32,0.00,1,Thunderstorm,277<br />
2012-8-20,25,21,17,16,15,12,88,70,37,1021,1019,1017,27,12,7,23,11,,0.00,3,Rain,242<br />
2012-8-21,22,19,16,16,13,11,94,72,47,1021,1017,1015,26,11,10,24,8,,0.00,2,Rain,259<br />
2012-8-22,23,18,13,14,11,9,89,67,33,1019,1017,1016,23,11,10,32,18,45,0.00,2,Rain,257<br />
2012-8-23,22,17,12,12,11,8,88,66,40,1018,1014,1009,21,12,10,19,11,,0.00,2,,239<br />
2012-8-24,21,17,13,15,12,10,94,75,46,1009,1005,1000,21,11,6,26,13,35,0.76,3,Rain,192<br />
2012-8-25,22,19,15,16,14,12,94,85,51,1006,1001,999,26,11,2,26,14,,11.94,4,Rain-Thunderstorm,224<br />
2012-8-26,21,17,13,12,10,6,88,64,32,1019,1015,1007,26,12,10,26,19,,0.00,3,,271<br />
2012-8-27,22,17,11,15,12,10,94,75,45,1019,1014,1009,31,12,6,27,14,48,0.51,1,Rain,182<br />
2012-8-28,24,19,14,16,13,10,95,72,40,1015,1013,1008,19,11,8,27,18,,0.00,3,Rain,226<br />
2012-8-29,21,17,13,14,12,10,94,83,49,1015,1012,1010,31,11,9,32,14,45,4.06,2,Rain,188<br />
2012-8-30,18,14,10,13,11,3,94,74,50,1026,1016,1011,18,10,8,26,14,52,0.00,2,Rain,289<br />
2012-8-31,18,12,6,9,4,3,81,56,30,1030,1029,1027,27,15,10,19,10,,0.00,1,Rain,309<br />
