
BST,Max TemperatureC,Mean TemperatureC,Min TemperatureC,Dew PointC,MeanDew PointC,Min DewpointC,Max Humidity, Mean Humidity, Min Humidity, Max Sea Level PressurehPa, Mean Sea Level PressurehPa, Min Sea Level PressurehPa, Max VisibilityKm, Mean VisibilityKm, Min VisibilitykM, Max Wind SpeedKm/h, Mean Wind SpeedKm/h, Max Gust SpeedKm/h,Precipitationmm, CloudCover, Events,WindDirDegrees<br />
2015-7-1,37,29,21,17,13,11,65,40,16,1014,1012,1010,31,24,10,29,16,,0.00,1,Rain,146<br />
2015-7-2,26,21,17,16,14,12,88,67,42,1024,1018,1014,31,14,8,34,14,45,0.00,2,Rain,257<br />
2015-7-3,27,20,13,15,11,8,83,56,23,1026,1023,1017,31,21,9,27,10,,8.89,2,Rain,83<br />
2015-7-4,27,22,17,18,14,10,100,67,33,1020,1017,1014,31,8,2,27,14,42,0.00,2,Rain-Thunderstorm,220<br />
2015-7-5,24,19,13,12,11,8,82,61,28,1020,1017,1015,31,18,10,32,13,,0.00,2,Rain,242<br />
2015-7-6,23,18,12,12,10,8,88,60,32,1021,1018,1014,31,17,10,24,16,48,0.00,2,Rain,218<br />
2015-7-7,24,19,15,15,11,6,83,59,26,1014,1009,1007,31,17,10,35,18,48,0.00,3,Rain,232<br />
2015-7-8,21,17,13,13,11,6,94,62,34,1019,1011,1007,31,12,4,29,23,42,0.51,3,Rain,274<br />
2015-7-9,23,17,11,10,5,1,82,44,16,1024,1022,1019,31,20,10,21,11,34,0.00,1,,284<br />
2015-7-10,27,20,13,11,7,2,82,45,11,1024,1020,1015,31,23,10,23,11,39,0.00,,,182<br />
2015-7-11,26,20,14,14,10,8,77,49,24,1019,1016,1014,31,19,10,27,13,42,0.00,2,Rain,274<br />
2015-7-12,22,19,15,17,14,13,94,80,55,1019,1017,1016,31,14,2,32,19,47,3.05,4,Rain,231<br />
2015-7-13,21,18,16,18,16,14,94,86,68,1017,1015,1014,31,13,4,29,16,,2.03,5,Rain,239<br />
2015-7-14,23,20,17,18,15,14,100,78,51,1019,1017,1015,31,13,3,24,18,,2.03,6,Rain,252<br />
2015-7-15,22,19,17,17,15,9,100,76,46,1019,1018,1017,31,13,2,14,11,,0.00,6,Rain,297<br />
2015-7-16,25,20,14,15,13,9,88,65,44,1020,1016,1010,26,14,6,24,13,,7.11,4,Rain-Thunderstorm,90<br />
2015-7-17,25,20,14,17,13,9,94,67,35,1015,1011,1009,23,11,6,35,16,,0.25,3,Rain,242<br />
2015-7-18,23,18,12,11,8,5,94,55,22,1018,1016,1013,31,19,10,24,16,,0.00,1,Rain,242<br />
2015-7-19,24,19,14,13,8,-1,94,51,10,1013,1011,1009,31,17,9,34,14,,0.00,2,Rain,244<br />
2015-7-20,24,19,14,18,16,10,100,81,55,1012,1010,1008,31,13,3,32,11,50,0.25,5,Rain,209<br />
2015-7-21,26,19,13,13,12,10,94,61,29,1014,1012,1011,31,16,10,32,19,48,0.00,2,,233<br />
2015-7-22,23,19,14,15,12,8,88,63,37,1017,1015,1014,31,15,9,29,14,,0.51,2,Rain,243<br />
2015-7-23,22,17,11,11,9,7,94,58,28,1019,1017,1016,31,17,10,24,13,,0.00,1,,266<br />
2015-7-24,17,15,13,13,11,8,100,77,46,1016,1010,1004,26,11,3,23,8,,28.96,5,Rain,57<br />
2015-7-25,22,17,11,12,8,5,94,61,26,1016,1012,1005,31,14,10,26,16,35,0.00,3,Rain,300<br />
2015-7-26,17,14,12,16,12,8,94,83,61,1016,1006,997,31,12,3,29,14,37,7.11,4,Rain,189<br />
2015-7-27,21,17,14,14,12,9,88,70,44,1004,1000,997,31,13,10,39,27,55,0.00,3,Rain,250<br />
2015-7-28,21,17,13,12,9,6,82,60,33,1009,1006,1004,31,15,10,34,27,,0.00,3,Rain,262<br />
2015-7-29,20,14,9,12,8,6,88,65,33,1015,1011,1009,31,17,10,24,18,,0.25,2,Rain,275<br />
2015-7-30,20,15,10,10,7,3,88,56,23,1021,1018,1015,31,17,10,21,11,,0.00,1,Rain,303<br />
2015-7-31,22,16,8,10,7,4,83,54,23,1021,1018,1015,29,19,10,21,6,37,0.00,1,,206<br />
