
EDT,Max TemperatureC,Mean TemperatureC,Min TemperatureC,Dew PointC,MeanDew PointC,Min DewpointC,Max Humidity, Mean Humidity, Min Humidity, Max Sea Level PressurehPa, Mean Sea Level PressurehPa, Min Sea Level PressurehPa, Max VisibilityKm, Mean VisibilityKm, Min VisibilitykM, Max Wind SpeedKm/h, Mean Wind SpeedKm/h, Max Gust SpeedKm/h,Precipitationmm, CloudCover, Events,WindDirDegrees<br />
2011-8-1,34,28,22,22,20,17,93,70,47,1015,1011,1008,16,16,13,27,5,37,0.51,1,,258<br />
2011-8-2,33,28,23,20,16,12,79,54,28,1009,1007,1005,16,15,11,21,6,29,0.00,1,,270<br />
2011-8-3,31,26,19,21,18,12,61,52,42,1009,1008,1006,16,9,1,19,5,26,19.30,5,Rain,51<br />
2011-8-4,29,24,19,20,18,16,100,72,44,1016,1012,1008,16,14,6,24,7,27,0.00,5,,65<br />
2011-8-5,30,26,21,20,19,18,79,67,55,1019,1018,1016,16,16,14,21,7,29,0.00,0,,191<br />
2011-8-6,29,26,22,22,21,19,93,77,61,1018,1015,1011,16,14,4,21,9,32,4.83,5,Rain,177<br />
2011-8-7,32,27,23,24,23,21,100,78,56,1012,1006,1001,14,10,4,21,6,32,4.06,6,Rain,219<br />
2011-8-8,32,28,23,22,20,18,87,67,46,1004,1002,1000,16,14,8,27,7,37,0.00,1,,330<br />
2011-8-9,28,25,22,23,22,18,100,85,69,1004,1002,1000,16,8,0,16,7,27,53.09,4,Fog-Rain,124<br />
2011-8-10,30,26,21,22,18,15,93,68,43,1006,1003,1000,16,16,10,24,9,34,0.00,1,,275<br />
2011-8-11,28,24,21,16,12,10,73,54,35,1013,1010,1007,16,16,16,21,6,29,0.00,1,,278<br />
2011-8-12,29,23,18,13,12,11,67,52,37,1017,1016,1014,16,16,16,16,5,24,0.00,0,,275<br />
2011-8-13,29,25,21,19,16,12,79,62,44,1019,1017,1015,16,16,16,16,5,27,T,1,,221<br />
2011-8-14,22,21,19,21,21,19,100,97,93,1016,1012,1008,14,3,0,24,8,39,147.57,8,Fog-Rain,102<br />
2011-8-15,25,23,20,22,21,19,100,92,84,1009,1006,1004,16,13,0,16,7,21,14.22,6,Fog-Rain,67<br />
2011-8-16,26,22,18,19,17,17,93,79,64,1017,1010,1005,16,15,3,21,8,27,0.51,6,Rain,39<br />
2011-8-17,30,24,19,19,17,15,93,68,43,1020,1019,1017,16,16,16,14,3,26,0.00,1,,0<br />
2011-8-18,28,24,19,22,19,17,97,80,62,1019,1016,1013,16,15,5,23,8,35,1.78,1,Rain,220<br />
2011-8-19,29,24,18,20,19,17,100,76,51,1016,1014,1012,16,10,0,29,5,47,31.50,2,Fog-Rain,240<br />
2011-8-20,29,24,18,20,18,16,100,74,47,1016,1015,1013,16,8,2,14,4,23,0.00,0,,254<br />
2011-8-21,29,25,21,22,22,19,100,85,69,1016,1011,1008,16,8,1,21,8,35,17.02,5,Rain,204<br />
2011-8-22,25,22,18,22,15,11,100,70,40,1014,1010,1007,16,13,3,23,11,39,0.00,3,,283<br />
2011-8-23,26,21,16,12,11,9,78,58,37,1019,1016,1014,16,16,16,16,6,26,0.00,1,,260<br />
2011-8-24,27,23,19,18,16,11,73,63,53,1020,1017,1014,16,16,16,23,12,37,0.00,1,,194<br />
2011-8-25,26,24,22,23,21,18,100,87,73,1014,1013,1011,16,10,0,24,10,37,12.45,4,Fog-Rain,212<br />
2011-8-26,28,25,22,22,21,20,93,80,67,1017,1015,1013,16,13,8,14,3,21,0.00,4,,210<br />
2011-8-27,26,24,22,24,23,21,100,91,82,1014,1009,999,16,6,0,35,12,60,73.15,8,Fog-Rain,60<br />
2011-8-28,24,21,18,23,21,13,100,83,66,1007,987,966,16,6,1,52,23,97,101.35,7,Fog-Rain,91<br />
2011-8-29,25,20,15,13,11,9,78,58,38,1017,1013,1008,16,16,16,19,7,26,0.00,0,,269<br />
2011-8-30,28,22,16,16,13,11,97,67,37,1021,1020,1017,16,16,16,21,5,27,0.00,0,,328<br />
2011-8-31,29,23,17,17,14,11,87,61,34,1023,1022,1021,16,16,14,14,4,19,0.00,0,,139<br />
