
EST,Max TemperatureC,Mean TemperatureC,Min TemperatureC,Dew PointC,MeanDew PointC,Min DewpointC,Max Humidity, Mean Humidity, Min Humidity, Max Sea Level PressurehPa, Mean Sea Level PressurehPa, Min Sea Level PressurehPa, Max VisibilityKm, Mean VisibilityKm, Min VisibilitykM, Max Wind SpeedKm/h, Mean Wind SpeedKm/h, Max Gust SpeedKm/h,Precipitationmm, CloudCover, Events,WindDirDegrees<br />
2011-1-1,12,8,4,8,2,-2,83,67,50,1021,1018,1015,11,10,8,19,5,26,0.00,3,,250<br />
2011-1-2,11,7,2,9,5,-7,100,73,45,1015,1014,1011,16,9,1,32,8,45,0.25,8,Fog-Rain,299<br />
2011-1-3,2,0,-2,-8,-11,-13,53,44,35,1022,1020,1015,16,16,16,34,14,48,0.00,0,,288<br />
2011-1-4,4,2,0,-7,-9,-11,52,47,40,1020,1014,1009,16,16,13,16,10,29,0.00,1,,231<br />
2011-1-5,4,1,-2,-6,-8,-12,61,50,39,1012,1010,1009,16,16,16,24,10,32,0.00,1,,279<br />
2011-1-6,1,-1,-3,-9,-9,-11,63,54,45,1008,1005,1002,16,16,16,14,4,21,0.00,5,,302<br />
2011-1-7,1,-2,-4,0,-4,-9,92,71,49,1000,997,994,16,6,0,19,8,26,4.83,7,Fog-Snow,194<br />
2011-1-8,-1,-3,-5,-6,-7,-8,81,75,69,1000,998,996,16,11,3,19,6,24,T,6,Snow,282<br />
2011-1-9,0,-2,-3,-8,-11,-11,75,61,47,1019,1011,1000,16,16,16,34,18,47,0.00,1,,281<br />
2011-1-10,2,-1,-4,-9,-10,-12,63,53,43,1024,1022,1019,16,16,16,29,14,42,0.00,0,,284<br />
2011-1-11,-1,-3,-5,-4,-7,-9,92,75,58,1025,1018,1009,16,10,0,24,9,29,6.35,5,Fog-Snow,43<br />
2011-1-12,-1,-2,-4,-4,-7,-12,92,73,53,1011,1005,1002,16,7,0,34,18,48,15.49,7,Fog-Snow,288<br />
2011-1-13,-1,-4,-8,-11,-12,-15,61,52,42,1026,1020,1011,16,16,16,27,17,40,0.00,0,,289<br />
2011-1-14,-1,-4,-8,-11,-12,-14,67,57,46,1027,1026,1025,16,16,16,16,9,23,0.00,0,,280<br />
2011-1-15,3,-1,-5,-4,-8,-12,68,58,47,1026,1019,1012,16,15,11,26,8,39,0.00,5,,215<br />
2011-1-16,3,0,-3,-6,-11,-14,61,48,35,1023,1018,1012,16,16,14,27,13,39,0.00,1,,286<br />
2011-1-17,-3,-5,-7,-12,-14,-16,54,48,42,1029,1026,1024,16,16,13,23,11,32,T,7,,28<br />
2011-1-18,5,1,-4,4,-2,-11,100,78,55,1026,1013,1003,16,5,1,35,16,50,32.26,8,Rain-Snow,47<br />
2011-1-19,5,3,2,2,0,-4,92,81,70,1013,1007,1003,16,13,6,23,9,29,1.78,8,Rain,272<br />
2011-1-20,2,1,-1,-6,-8,-11,69,56,43,1019,1015,1008,16,16,16,23,11,35,0.00,4,,285<br />
2011-1-21,0,-4,-8,-3,-8,-17,92,66,40,1012,1004,1000,16,9,1,34,14,45,10.41,5,Fog-Snow,298<br />
2011-1-22,-4,-7,-11,-15,-17,-18,58,49,40,1016,1013,1011,16,16,16,23,9,32,0.00,0,,279<br />
2011-1-23,-4,-8,-12,-16,-17,-22,59,47,34,1028,1017,1012,16,16,16,32,15,42,0.00,0,,282<br />
2011-1-24,-4,-9,-14,-13,-19,-22,60,46,31,1033,1030,1027,16,16,16,23,9,29,0.00,2,,286<br />
2011-1-25,3,-1,-4,-3,-6,-12,85,68,50,1027,1022,1019,16,8,0,23,6,32,1.27,7,Fog-Snow,240<br />
2011-1-26,2,1,-1,-2,-2,-4,92,78,64,1019,1010,1000,11,3,0,35,15,60,32.77,7,Fog-Rain-Snow,41<br />
2011-1-27,2,1,-2,-2,-4,-8,92,73,54,1011,1007,1001,16,7,0,23,5,35,21.84,5,Fog-Snow,262<br />
2011-1-28,1,-1,-2,-2,-4,-7,85,73,61,1012,1011,1009,14,9,3,16,6,23,T,7,Snow,241<br />
2011-1-29,2,1,-2,-3,-4,-8,85,66,47,1016,1014,1011,14,9,2,19,7,26,0.25,6,Snow,255<br />
2011-1-30,4,1,-3,-4,-6,-11,85,69,52,1026,1019,1015,16,13,8,24,9,34,0.00,3,,275<br />
2011-1-31,-1,-3,-6,-11,-12,-17,68,51,33,1033,1030,1026,16,16,10,19,9,26,T,2,Snow,10<br />
