
EST,Max TemperatureC,Mean TemperatureC,Min TemperatureC,Dew PointC,MeanDew PointC,Min DewpointC,Max Humidity, Mean Humidity, Min Humidity, Max Sea Level PressurehPa, Mean Sea Level PressurehPa, Min Sea Level PressurehPa, Max VisibilityKm, Mean VisibilityKm, Min VisibilitykM, Max Wind SpeedKm/h, Mean Wind SpeedKm/h, Max Gust SpeedKm/h,Precipitationmm, CloudCover, Events,WindDirDegrees<br />
2015-1-1,4,1,-3,-8,-12,-14,46,37,27,1022,1018,1015,16,16,16,27,11,50,0.00,0,,254<br />
2015-1-2,6,4,2,-7,-8,-9,52,43,33,1031,1023,1016,16,16,16,24,11,40,0.00,1,,278<br />
2015-1-3,6,3,1,4,-2,-9,92,68,44,1036,1030,1019,16,7,1,19,10,29,18.03,6,Rain-Snow,75<br />
2015-1-4,13,9,5,10,6,-3,93,88,83,1019,1012,1004,16,9,1,47,10,74,7.62,7,Rain,274<br />
2015-1-5,9,2,-6,-3,-12,-19,49,38,26,1030,1020,1009,16,16,16,39,17,61,0.00,2,,291<br />
2015-1-6,-6,-6,-7,-10,-13,-19,77,57,36,1030,1024,1016,16,9,0,23,7,39,1.27,5,Snow,276<br />
2015-1-7,-5,-9,-13,-12,-17,-25,73,49,25,1025,1017,1013,16,16,14,35,20,63,0.00,2,,292<br />
2015-1-8,-6,-9,-13,-17,-20,-24,55,48,41,1030,1027,1023,16,16,16,29,14,50,0.00,0,,275<br />
2015-1-9,1,-3,-7,-8,-12,-17,81,57,33,1023,1018,1015,16,10,0,34,14,48,1.78,4,Snow,259<br />
2015-1-10,-5,-7,-9,-17,-18,-20,47,41,34,1035,1031,1024,16,16,16,29,13,40,0.00,0,,277<br />
2015-1-11,3,-2,-8,-10,-14,-18,47,38,29,1039,1036,1032,16,16,16,23,10,39,0.00,2,,258<br />
2015-1-12,4,3,2,2,-1,-11,92,64,35,1032,1024,1020,16,8,1,19,6,32,9.14,8,Rain,284<br />
2015-1-13,2,-3,-8,-1,-11,-17,82,61,39,1038,1033,1024,16,16,16,29,14,40,0.00,3,,22<br />
2015-1-14,0,-4,-9,-7,-11,-17,63,56,49,1035,1029,1022,16,16,16,23,10,27,0.00,5,,43<br />
2015-1-15,2,-1,-4,-7,-9,-11,69,55,41,1022,1018,1013,16,16,14,24,8,32,0.00,3,,304<br />
2015-1-16,6,0,-7,-7,-11,-18,58,45,31,1024,1014,1009,16,15,5,34,16,52,0.00,2,,282<br />
2015-1-17,0,-4,-8,-7,-15,-18,53,41,29,1029,1027,1024,16,16,16,23,10,37,0.00,0,,271<br />
2015-1-18,6,3,-1,4,1,-6,92,77,61,1023,1012,1006,16,6,0,16,6,32,53.34,7,Fog-Rain,35<br />
2015-1-19,6,4,2,0,-4,-7,82,62,41,1012,1009,1006,16,16,14,26,12,53,0.00,7,,283<br />
2015-1-20,4,2,0,-4,-8,-13,59,47,35,1017,1013,1011,16,16,16,21,9,32,0.00,4,,287<br />
2015-1-21,2,-1,-4,-9,-13,-16,50,38,26,1022,1020,1018,16,16,14,16,7,24,0.00,4,,33<br />
2015-1-22,4,2,-1,-5,-7,-11,69,56,43,1027,1023,1021,16,11,2,23,9,34,0.00,6,,318<br />
2015-1-23,4,1,-2,-4,-8,-11,59,50,40,1027,1023,1015,16,15,13,23,9,31,0.00,1,,267<br />
2015-1-24,4,2,1,0,-1,-6,89,71,52,1015,1001,991,16,6,1,23,10,39,18.29,7,Fog-Rain-Snow,358<br />
2015-1-25,6,3,-1,-3,-8,-14,69,48,27,1015,1008,999,16,16,14,27,10,48,0.00,3,,281<br />
2015-1-26,-1,-3,-6,-6,-9,-16,88,61,34,1016,1012,1005,16,5,0,37,21,55,12.19,8,Fog-Snow,53<br />
2015-1-27,-1,-4,-7,-7,-9,-15,84,66,47,1011,1006,1004,16,7,0,27,13,48,9.14,6,Fog-Snow,354<br />
2015-1-28,1,-4,-9,-13,-17,-19,61,45,28,1025,1018,1011,16,16,16,26,12,39,0.00,0,,309<br />
2015-1-29,2,-2,-7,-3,-11,-17,69,52,35,1027,1022,1015,16,14,3,23,6,32,0.51,4,Snow,268<br />
2015-1-30,3,-2,-7,-2,-6,-16,85,63,40,1016,1013,1010,16,10,1,35,17,58,1.52,6,Snow,288<br />
2015-1-31,-3,-7,-11,-15,-18,-21,53,41,29,1023,1020,1017,16,16,16,39,20,71,0.00,0,,307<br />
