
CEST,Max TemperatureC,Mean TemperatureC,Min TemperatureC,Dew PointC,MeanDew PointC,Min DewpointC,Max Humidity, Mean Humidity, Min Humidity, Max Sea Level PressurehPa, Mean Sea Level PressurehPa, Min Sea Level PressurehPa, Max VisibilityKm, Mean VisibilityKm, Min VisibilitykM, Max Wind SpeedKm/h, Mean Wind SpeedKm/h, Max Gust SpeedKm/h,Precipitationmm, CloudCover, Events,WindDirDegrees<br />
2014-8-1,28,22,16,16,14,12,82,59,30,1013,1010,1007,31,23,10,13,10,,0.00,3,,53<br />
2014-8-2,25,21,17,18,14,13,88,67,37,1008,1007,1005,26,17,2,26,11,,5.08,5,Rain,212<br />
2014-8-3,25,19,14,16,14,12,94,71,41,1013,1011,1008,31,17,10,27,8,,2.03,4,,237<br />
2014-8-4,23,19,14,16,12,9,94,65,33,1020,1016,1013,31,16,4,16,10,26,2.03,5,Rain,348<br />
2014-8-5,27,20,13,15,12,10,94,60,25,1021,1020,1018,31,19,10,14,5,,0.00,5,Fog,234<br />
2014-8-6,22,19,16,19,16,12,94,81,53,1018,1015,1013,31,11,2,21,6,,20.07,6,Fog-Rain-Thunderstorm,199<br />
2014-8-7,24,20,16,19,17,15,100,83,58,1015,1014,1014,26,12,0,11,5,,0.00,5,Fog-Rain,176<br />
2014-8-8,23,20,17,19,17,16,100,88,65,1014,1010,1005,26,12,6,19,6,,5.08,7,Rain,184<br />
2014-8-9,22,18,14,18,14,13,94,75,47,1015,1011,1005,31,16,10,23,14,,1.02,5,Rain,207<br />
2014-8-10,25,20,15,19,16,9,94,78,39,1011,1007,1002,31,16,6,34,10,58,4.06,5,Rain-Thunderstorm,213<br />
2014-8-11,22,17,12,14,11,9,88,68,37,1015,1014,1012,31,18,3,27,11,,4.06,4,Rain,241<br />
2014-8-12,21,17,12,14,12,11,94,79,51,1015,1013,1010,31,17,3,27,11,,0.51,4,Rain-Thunderstorm,228<br />
2014-8-13,22,17,13,13,12,10,100,77,38,1012,1008,1005,31,16,10,26,11,,0.25,6,,273<br />
2014-8-14,22,17,12,13,12,10,94,76,40,1014,1013,1012,31,16,3,27,13,,0.76,5,Rain-Thunderstorm,248<br />
2014-8-15,21,17,12,13,11,8,100,73,35,1020,1015,1013,31,15,8,24,13,29,2.03,4,Rain,284<br />
2014-8-16,23,17,11,13,11,10,94,69,36,1023,1022,1021,31,17,9,21,8,,0.00,4,,276<br />
2014-8-17,21,16,11,12,10,8,94,65,37,1021,1016,1012,31,14,10,29,11,,0.00,6,,246<br />
2014-8-18,21,17,13,12,10,7,94,63,33,1013,1012,1011,31,16,9,21,14,,0.76,5,Rain,277<br />
2014-8-19,19,14,8,11,8,6,94,64,33,1017,1014,1012,31,23,10,24,11,,0.00,2,Rain,286<br />
2014-8-20,20,13,7,10,8,6,96,65,33,1019,1017,1017,31,21,10,24,8,,0.00,3,,284<br />
2014-8-21,21,13,6,10,7,4,93,63,26,1020,1018,1016,31,12,10,19,8,,0.00,2,,258<br />
2014-8-22,21,16,11,13,9,7,94,63,31,1016,1015,1014,31,14,6,26,10,,2.03,5,Rain,246<br />
2014-8-23,20,17,13,13,9,6,94,68,32,1020,1016,1015,31,17,10,21,11,,0.51,5,Rain,278<br />
2014-8-24,21,14,7,10,8,6,94,65,34,1022,1020,1018,31,22,10,13,8,,0.25,4,,257<br />
2014-8-25,17,16,13,15,12,9,94,81,61,1019,1013,1004,26,12,2,21,10,,7.11,7,Rain,194<br />
2014-8-26,23,18,14,18,14,13,100,84,49,1010,1006,1005,31,13,3,23,10,,2.03,5,Rain,242<br />
2014-8-27,21,18,14,16,14,13,100,81,55,1016,1014,1010,31,15,10,14,10,,0.00,6,,225<br />
2014-8-28,22,19,15,18,16,13,94,80,54,1016,1015,1014,31,15,5,26,10,,1.02,6,Rain,214<br />
2014-8-29,23,18,13,16,13,10,97,72,35,1020,1017,1016,31,21,10,21,8,32,0.00,5,Fog,261<br />
2014-8-30,23,17,12,14,12,10,94,74,47,1021,1019,1018,31,17,10,21,10,,0.25,6,Rain,256<br />
2014-8-31,22,17,12,13,11,10,94,71,44,1021,1019,1018,31,17,10,21,11,,0.25,3,Rain,293<br />
