
CET,Max TemperatureC,Mean TemperatureC,Min TemperatureC,Dew PointC,MeanDew PointC,Min DewpointC,Max Humidity, Mean Humidity, Min Humidity, Max Sea Level PressurehPa, Mean Sea Level PressurehPa, Min Sea Level PressurehPa, Max VisibilityKm, Mean VisibilityKm, Min VisibilitykM, Max Wind SpeedKm/h, Mean Wind SpeedKm/h, Max Gust SpeedKm/h,Precipitationmm, CloudCover, Events,WindDirDegrees<br />
2014-10-1,24,17,11,15,12,9,100,74,29,1029,1026,1024,31,13,0,13,5,,0.25,2,Fog,261<br />
2014-10-2,23,18,13,14,13,11,94,74,47,1029,1028,1026,31,18,9,11,5,,0.00,5,,32<br />
2014-10-3,24,17,11,15,12,10,100,72,36,1027,1024,1020,31,14,8,10,3,,0.25,1,Fog,45<br />
2014-10-4,24,17,10,15,11,9,100,74,33,1020,1016,1013,31,14,6,27,6,,1.02,5,Fog-Rain,231<br />
2014-10-5,14,11,8,10,8,6,94,72,51,1020,1018,1015,31,15,10,26,18,45,0.25,6,Rain,8<br />
2014-10-6,15,11,6,13,8,5,100,85,49,1016,1009,1004,31,13,3,26,8,,4.06,6,Fog-Rain,190<br />
2014-10-7,16,13,11,13,11,9,94,82,59,1009,1004,1001,31,15,6,29,14,48,0.76,6,Rain,216<br />
2014-10-8,21,16,12,16,13,10,100,89,65,1009,1004,1001,31,12,5,23,11,42,7.87,7,Rain,191<br />
2014-10-9,20,17,14,14,13,9,94,80,42,1011,1006,1003,31,15,10,27,14,,0.25,5,Rain,205<br />
2014-10-10,17,14,12,13,12,11,94,82,59,1016,1014,1011,31,13,5,13,8,,0.00,6,,188<br />
2014-10-11,19,14,11,13,12,9,100,81,51,1015,1013,1011,31,12,3,19,6,,2.03,4,Rain,221<br />
2014-10-12,16,12,9,14,11,8,100,87,63,1015,1008,1002,31,13,5,21,6,,5.08,6,Fog-Rain,76<br />
2014-10-13,18,14,11,14,11,8,95,73,43,1008,1004,1002,31,17,9,32,18,48,0.25,4,,210<br />
2014-10-14,18,12,7,8,7,6,93,71,37,1010,1009,1007,31,21,10,16,8,,0.25,2,,219<br />
2014-10-15,16,13,9,14,11,8,94,88,73,1010,1007,1005,26,15,6,14,3,,1.02,7,Rain,175<br />
2014-10-16,18,16,13,15,14,12,94,85,64,1008,1007,1005,31,14,8,19,13,,0.25,6,Rain,206<br />
2014-10-17,18,16,13,15,13,12,95,87,66,1016,1014,1008,31,15,10,14,10,,3.05,6,Rain,201<br />
2014-10-18,24,18,13,16,14,12,100,78,49,1019,1017,1015,31,27,19,16,8,,0.25,,,177<br />
2014-10-19,23,18,13,16,14,13,94,81,51,1021,1019,1017,31,15,10,23,10,,0.25,3,Fog,213<br />
2014-10-20,17,14,12,14,13,11,100,88,62,1022,1020,1018,26,13,6,13,6,,1.02,5,Fog-Rain,259<br />
2014-10-21,16,13,10,13,9,3,100,79,41,1021,1014,1009,31,13,5,42,18,66,3.05,4,Rain-Thunderstorm,255<br />
2014-10-22,13,9,5,7,4,2,87,69,47,1028,1025,1021,31,18,10,21,14,,0.25,6,Rain,281<br />
2014-10-23,14,11,8,8,7,4,82,70,43,1027,1025,1023,26,14,10,14,10,,0.00,6,,244<br />
2014-10-24,14,12,11,10,8,7,88,75,56,1023,1020,1018,31,15,10,16,8,,0.25,6,Rain,194<br />
2014-10-25,15,13,11,13,11,8,100,87,79,1024,1020,1018,19,10,3,8,5,,0.25,6,Fog-Rain,186<br />
2014-10-26,18,14,9,13,11,8,100,87,57,1025,1024,1024,31,8,1,10,3,,0.25,5,Fog,217<br />
2014-10-27,17,12,7,12,9,7,100,88,61,1025,1023,1020,26,9,0,11,3,,0.25,5,Fog,158<br />
2014-10-28,11,9,8,10,8,7,100,93,84,1021,1018,1016,18,6,0,14,6,,0.25,8,Fog-Rain,157<br />
2014-10-29,17,13,9,12,11,9,100,90,68,1020,1018,1016,18,5,0,11,5,,0.00,8,Fog-Rain,177<br />
2014-10-30,20,14,9,12,11,9,100,79,43,1023,1022,1020,31,13,3,14,3,,0.00,4,Fog-Rain,172<br />
2014-10-31,21,16,11,13,11,9,94,73,40,1023,1022,1020,26,21,18,14,3,,0.00,,,167<br />
