
CEST,Max TemperatureC,Mean TemperatureC,Min TemperatureC,Dew PointC,MeanDew PointC,Min DewpointC,Max Humidity, Mean Humidity, Min Humidity, Max Sea Level PressurehPa, Mean Sea Level PressurehPa, Min Sea Level PressurehPa, Max VisibilityKm, Mean VisibilityKm, Min VisibilitykM, Max Wind SpeedKm/h, Mean Wind SpeedKm/h, Max Gust SpeedKm/h,Precipitationmm, CloudCover, Events,WindDirDegrees<br />
2014-7-1,23,18,14,11,11,8,77,57,35,1019,1017,1016,31,21,10,24,10,,0.00,6,Rain,65<br />
2014-7-2,26,19,13,10,9,8,77,48,23,1023,1020,1018,31,31,31,23,14,,0.00,8,,28<br />
2014-7-3,29,21,12,13,11,9,88,47,19,1024,1022,1018,31,31,31,13,3,,0.00,8,,247<br />
2014-7-4,24,22,19,18,15,11,88,65,44,1018,1012,1008,31,18,10,23,8,,2.03,6,Rain,181<br />
2014-7-5,23,20,17,18,16,13,94,74,44,1009,1008,1007,31,15,6,29,18,45,1.02,6,Rain,219<br />
2014-7-6,19,17,13,17,14,11,94,79,56,1014,1008,1006,31,16,9,24,14,48,6.10,6,Rain,219<br />
2014-7-7,22,16,9,14,11,7,100,73,28,1018,1016,1014,31,14,6,16,5,,0.51,5,Fog-Rain,333<br />
2014-7-8,19,16,13,14,12,11,94,81,52,1016,1015,1015,31,13,6,19,8,,2.03,5,Rain,299<br />
2014-7-9,17,14,11,13,12,10,94,85,60,1017,1016,1014,26,11,6,23,13,35,6.10,7,Rain,302<br />
2014-7-10,16,14,13,14,13,11,94,86,75,1017,1014,1012,23,10,3,24,19,45,3.05,7,Rain,326<br />
2014-7-11,19,17,14,15,13,12,94,83,64,1018,1017,1016,29,11,3,16,11,,7.11,6,Rain,344<br />
2014-7-12,24,19,14,16,14,12,88,74,49,1018,1015,1014,31,14,10,11,5,,0.25,6,,281<br />
2014-7-13,21,18,16,18,16,13,94,86,72,1014,1012,1010,31,12,5,24,11,,9.91,6,Rain,245<br />
2014-7-14,24,18,12,15,12,10,94,71,37,1019,1016,1012,31,15,10,16,11,,0.00,4,,285<br />
2014-7-15,24,18,12,16,13,11,94,66,41,1022,1021,1019,31,18,10,11,6,,0.00,6,Fog,235<br />
2014-7-16,29,23,18,17,15,14,83,58,32,1022,1021,1020,31,23,10,10,6,,0.00,3,,51<br />
2014-7-17,32,24,17,18,16,14,88,56,25,1021,1019,1015,31,28,10,16,10,,0.00,1,,65<br />
2014-7-18,34,27,19,19,17,15,78,52,26,1016,1013,1010,31,29,19,14,8,,0.00,,,147<br />
2014-7-19,29,25,21,21,18,15,78,60,40,1010,1008,1007,31,19,10,23,10,,0.76,6,Rain-Thunderstorm,92<br />
2014-7-20,25,21,17,20,17,15,94,81,49,1014,1010,1008,26,13,3,19,10,37,13.97,6,Rain-Thunderstorm,247<br />
2014-7-21,25,20,15,17,16,14,94,73,47,1019,1016,1014,26,14,10,27,16,,0.00,5,Rain,321<br />
2014-7-22,22,20,17,17,16,14,88,75,65,1020,1019,1019,26,14,10,21,16,40,0.00,6,,351<br />
2014-7-23,29,23,17,19,16,14,94,68,30,1019,1016,1013,26,9,3,23,13,,0.00,6,,30<br />
2014-7-24,30,24,18,18,15,12,78,55,26,1014,1013,1011,26,16,10,26,10,,0.00,3,Thunderstorm,26<br />
2014-7-25,28,22,17,14,12,10,73,50,25,1013,1013,1012,31,24,10,19,10,,0.00,1,,15<br />
2014-7-26,26,21,17,15,14,12,83,61,37,1017,1015,1013,26,17,10,19,11,,0.00,3,,341<br />
2014-7-27,29,22,15,17,15,13,94,62,28,1018,1017,1015,26,17,10,19,10,,11.94,5,Rain,299<br />
2014-7-28,24,21,17,18,14,10,94,71,32,1015,1013,1011,31,12,3,19,10,,10.92,5,Rain-Thunderstorm,319<br />
2014-7-29,21,18,15,18,14,12,88,76,60,1014,1013,1012,26,13,4,21,14,45,3.05,6,Rain,330<br />
2014-7-30,26,20,14,16,13,12,94,61,38,1017,1015,1014,31,20,10,21,14,,0.00,3,,328<br />
2014-7-31,26,20,13,15,12,11,88,59,34,1017,1015,1013,31,22,10,11,6,,0.00,3,,314<br />
